
      122223      13  13      12223         12223       13   13     12223
        13        13  13      13            13          1m3  13     13  13
        13        122223      12223         12223       13 3 13     13  13
        13        13  13      13            13          13  323     13  13
        13        13  13      12223         12223       13   33     12223


  p      
122222222222222222222222222222222222222222222222222222222222222222222222222222223
8mmmmmmmmmmmmmmmmmmmmmmmmmmmmmmmmmmmmmmmmmmmmmmmmmmmmmmmmmmmmmmmmmmmmmmmmmmmmmmd9d